+-------+-------+-------+
|     6 |       |   3   |
|   5   |     8 |   7   |
|       |   2   | 4     |
+-------+-------+-------+
|       | 3     |   1 2 |
|     8 |       |       |
|   6 9 |   8   |     5 |
+-------+-------+-------+
|       | 9     |   6 8 |
|   4   |   1   | 3     |
|       |   5   |       |
+-------+-------+-------+
SCORE: 59


+-------+-------+-------+
|   4   | 9     |       |
|   1 2 |       |       |
|     5 |       | 4 1   |
+-------+-------+-------+
|       |       | 2   1 |
|       |     8 |     3 |
| 7     |   4   |     9 |
+-------+-------+-------+
| 8     |       |       |
|     9 | 6     | 7     |
| 4     | 3     | 5 2   |
+-------+-------+-------+
SCORE: 59


+-------+-------+-------+
|       |     7 | 4   6 |
|   6   |   4   |   8   |
|   2 1 |   9   |       |
+-------+-------+-------+
|   9 7 |     8 |       |
|       |   6   |       |
|     5 |       |   2 4 |
+-------+-------+-------+
|       |       |   5   |
|   8   |   2   |       |
|   5   | 3     | 1     |
+-------+-------+-------+
SCORE: 59


+-------+-------+-------+
|       | 2 3   | 6     |
| 6     |   9 8 |     5 |
|       |       |   1   |
+-------+-------+-------+
|     9 |       |     7 |
| 2     | 4     | 8     |
|   4   |     5 |     9 |
+-------+-------+-------+
|       | 5     |   6   |
|       |   1   |       |
| 3     |       |   2 8 |
+-------+-------+-------+
SCORE: 59


+-------+-------+-------+
| 1     |   4 7 | 9     |
|       |       |       |
| 8 6 3 |       | 2     |
+-------+-------+-------+
|     9 | 1   8 |   5   |
|       |       |       |
|   2   | 3     | 6   4 |
+-------+-------+-------+
|       |     9 |       |
|       | 7     | 8 6 2 |
|       | 6     |       |
+-------+-------+-------+
SCORE: 59


+-------+-------+-------+
|       |     8 |     1 |
| 4     |   2   | 3     |
| 9   2 | 5     |   6   |
+-------+-------+-------+
|       |   3   |       |
|       |     6 |       |
| 5     |       | 8   9 |
+-------+-------+-------+
|   8   |     2 |       |
|   2   |   6   | 7     |
|       |   7   |   3   |
+-------+-------+-------+
SCORE: 60


+-------+-------+-------+
| 7   1 |     4 |     9 |
|       |       |       |
| 8     |   3 5 |   7   |
+-------+-------+-------+
| 6     |       |     4 |
| 2   9 |   6   |     7 |
|   3   |       |   5 8 |
+-------+-------+-------+
| 3     |   7   |       |
|       |       | 2     |
|       |   2   |   1   |
+-------+-------+-------+
SCORE: 59


+-------+-------+-------+
|     8 |       | 6     |
|       |     8 |       |
|       |   9 5 | 4   2 |
+-------+-------+-------+
|     1 |     6 |   5   |
| 7     | 1 4   |   9   |
|       |       | 7     |
+-------+-------+-------+
|       |   8 3 |   1   |
| 9     | 7     |     4 |
| 2     |       |       |
+-------+-------+-------+
SCORE: 59


+-------+-------+-------+
| 2     |   6   |   8   |
|       |       |       |
|     3 |     8 | 4     |
+-------+-------+-------+
| 5     | 9     | 7 4 2 |
|     4 |   3   |     1 |
|     8 | 1 7   |       |
+-------+-------+-------+
|       |       |   9   |
|   4   |       |   2   |
|   9   | 5     |       |
+-------+-------+-------+
SCORE: 59


+-------+-------+-------+
|     1 |     9 | 2     |
|     8 |   4 7 |       |
|       |       |   3   |
+-------+-------+-------+
| 5 1 2 | 3     | 4     |
|     4 |       |       |
| 3     |     6 |   7   |
+-------+-------+-------+
| 6     | 2     |   8   |
|       |       |       |
|       | 9     |     6 |
+-------+-------+-------+
SCORE: 60


FINAL SCORE 592
